Масло сливочное
1
78
1
733
Масло сливочное шоколадное
1
59
19
631
Мороженое пломбир
4
15
20
232
Мороженое пломбир шоколадный
4
15
20
231
Кальмары
18
0
0
75
Креветки
18
1
0
83
Крабы
16
1
0
69
Мидии
11
2
3
77
Морская капуста
1
0
3
5
Бычки
13
8
5
144
Камбала
16
3
0
87
Горбуша
21
7
0
147
Кета
22
6
0
138
Минтай
16
1
0
69
Мойва
13
12
0
157
Морской окунь
18
5
0
117
Тунец
23
1
0
101
Треска
18
1
0
75
Путассу
16
1
0
72
Салака
17
6
0
121
Сайра мелкая
20
1
0
143
Сайра крупная
19
21
0
262
Салака
17
6
0
121
Сельдь
18
20
0
242
Скумбрия
18
9
0
153
Ставрида
19
5
0
119
Ледяная
16
1
0
74
Печень трески
4
66
0
610
Рыба-сабля
20
3
0
110
Семга
21
15
0
219
Угорь морской
19
2
0
93
Шпроты
17
32
0
231
Сардина
18
20
0
249
Аргентина
18
2
0
88
Сайда
19
1
0
81
Килька балтийская
14
9
0
137
Килька каспийская
19
13
0
192
Хек
17
2
0
86
Макрурус
13
1
0
60
Минога
15
12
0
166
Устрица
9
2
5
72
Икра минтаяевая пробойная
28
2
0
130
Икра кеты зернистая
32
14
0
250
Икра горбуши зернистая
31
12
1
230
Икра севрюжья зернистая
28
12
1
221
Икра белужья зернистая
27
14
1
235
Карп
16
4
0
96
Карась
18
2
0
87
Окунь речной
19
1
0
82
Осетр
16
11
0
164
Сазан
18
5
0
121
Лещ
17
4
0
105
Щука
19
1
0
82
Судак
19
1
0
83
Сом
17
9
0
144
Стерлядь
17
6
0
320
Налим
19
1
0
81
Корюшка
16
3
0
91
Язь
18
0
0
117
Икра лещевая пробойная
25
5
0
142
Икра осетровая зернистая
29
10
0
203
Икра осетровая паюсная
38
15
2
289
Икра осетровая пробойная
36
10
0
123
Козлятина
18
16
0
216
Лосятина
21
2
0
208
Ягнятина
16
14
0
191
Сайгака
21
13
0
208
Буйволятина
19
13
0
194
Баранина
16
15
0
203
Говядина жирная
19
12
0
187
Говядина нежирная
20
7
0
144
Телятина
20
1
0
90
Свинина жирная
11
49
0
489
Свинина нежирная
16
28
0
316
Оленина
20
9
0
155
Конина
20
7
0
143
Кролик
21
13
0
199
Печень баранья
19
3
0
101
Печень говяжья
18
3
0
98
Печень свинная
19
4
0
108
Почки бараньи
14
3
0
77
Почки говяжьи
19
2
0
66
Почки свинные
13
3
0
80
Сердце баранье
11
3
0
76
Сердце говяжье
16
4
0
96
Сердце свинное
15
3
0
89
Язык бараний
13
16
0
195
Язык говяжий
13
12
0
163
Язык свиной
14
17
0
208
Язык телячий
14
12
0
163
Легкиее бараньи
16
2
0
83
Легкие говяжьи
15
5
0
103
Легкие свинные
15
4
0
92
Мозги бараньи
10
9
0
123
Мозги говяжьи
12
9
0
127
Мозги свинные
11
9
0
119
Колбаса Московская (копченая)
25
42
0
473
Колбаса Любительская (копченая)
21
47
0
514
Колбаса Столичная (копченая)
24
43
0
486
Колбаса Брауншвейгская (копченая)
27
42
0
491
Колбаса Дорожная (копченая)
17
47
0
498
Колбаса Одесская (копченая)
15
38
0
402
Колбаса Краковская (полукопченая)
16
44
0
466
Колбаса Полтавская (полукопченая)
16
39
0
417
Колбаса Укринская (полукопченая)
17
34
0
376
Колбаса Минская (полукопченая)
23
17
3
259
Колбаса Таллинская (полукопченая)
17
34
0
373
Колбаса Говяжья (вареная)
15
12
0
165
Колбаса Русская (вареная)
12
28
2
301
Колбаса Диетическая (вареная)
12
13
0
170
Колбаса Докторская (вареная)
13
22
2
257
Колбаса Любительская (вареная)
12
28
0
300
Колбаса Свиная (вареная)
11
26
1
277
Колбаса Молочная (вареная)
12
23
0
252
Колбаса Чайная (вареная)
11
18
2
216
Охотничьи колбаски
25
40
0
463
Сардельки говяжьи
11
18
1
215
Сардельки свиные
10
31
2
322
Сосиски говяжьи
10
20
1
226
Сосиски свиные
12
31
0
324
Сосиски русские
11
22
2
250
Сосиски молочные
11
23
0
260
Сосиски столичные
12
20
1
234
Буженина
15
50
0
510
Грудинка свинная (копченая)
9
63
0
605
Корейка свинная (копченая)
10
47
0
469
Мясной хлеб ветчинный
13
22
2
256
Мясной хлеб говяжий
11
24
1
263
Окорок (копчёный)
15
50
0
510
Консерва баранина тушеная
17
13
0
191
Консерва говядина тушеная
17
17
0
220
Консерва гуляш бараний
14
15
4
213
Консерва гуляш говяжий
17
14
4
212
Консерва гуляш свиной
13
29
4
333
Консерва оленина тушеная
19
10
0
170
Консерва Паштет (говяжий)
16
23
0
275
Консерва Паштет (печеночный)
11
28
3
301
Цыплята (бройлеры)
18
12
0
159
Курица целиковая
18
18
0
238
Филе курицы (грудки)
18
2
0
241
Фазан
18
20
1
253
Индейка
22
12
1
197
Утки
17
61
0
346
Гуси
16
16
0
364
Цыплята
19
8
0
156
Печень куриная
20
6
1
139
Печень индейки
20
22
0
276
Печень утиная
16
38
0
405
Печень гусиная
15
39
0
411
Сердце куриное
16
10
1
158
Яйцо куриное
13
12
1
157
Белок
11
0
0
44
Желток
16
0
1
64
Перепелиное яйцо
12
13
1
168
Яблоко
0
0
12
48
Груша
0
0
11
42
Слива садовая
1
0
10
43
Виноград
0
0
18
69
Персик
1
0
10
45
Абрикос
1
0
9
44
Айва
1
1
10
48
Вишня
1
0
11
52
Черешня
1
0
11
52
Апельсин
1
0
8
43
Грейпфрут
1
0
7
35
Мандарин
1
0
8
38
Лимон
1
0
3
34
Ананас
0
0
12
52
Банан
2
1
21
96
Киви
1
0
8
47
Хурма
1
0
15
67
Инжир
1
0
12
54
Гранат
1
1
15
72
Алыча
0
0
8
34
Шелковица
1
0
13
53
Финики
3
1
69
292
Арбуз
1
0
6
27
Дыня
1
0
7
35
Авокадо
1
0
6
28
Курага
5
1
66
272
Изюм кишмиш
2
1
71
279
Чернослив
2
1
57
256
финики
3
1
69
292
инжир
3
1
58
257
Яблоки сушеные
2
1
59
253
Ежевика
2
1
4
34
Голубика
1
1
7
39
Земляника
2
1
8
41
Брусника
1
1
8
46
Клюква
1
0
4
28
Малина
1
1
8
46
Крыжовник
1
0
9
45
Смородина белая
0
0
9
39
Смородина черная
1
0
7
44
Смородина красная
1
0
8
43
Черника
1
0
9
40
Шиповник свежий
2
0
60
101
Горошек зеленый
5
0
13
72
Помидор (грунтовый)
1
0
4
24
Помидор (парниковый)
1
0
3
15
Свекла
2
0
9
42
Морковь (красная)
1
0
7
35
Морковь (желтая)
1
0
7
33
Огурец (грунтовый)
1
0
3
14
Огурец (парниковый)
1
0
2
11
Картофель
2
0
16
77
Редис
1
0
3
20
Капуста цветная
3
0
4
30
Капуста пекинская
1
0
3
16
Капуста брюссельская
5
0
3
35
Кабачок
1
0
5
24
Баклажан
1
0
5
24
Патиссон
1
0
4
19
Перец зеленый сладкий
1
0
5
23
Перец красный сладкий
1
0
6
26
Лук репчатый
1
0
8
41
Лук зеленый (перо)
1
0
4
22
Лук порей
3
0
7
40
Редька
2
0
7
34
Репа
2
0
6
32
Чеснок
7
0
21
106
Брюква
1
0
8
37
Петрушка
4
0
8
49
Укроп
3
1
6
40
Салат
2
0
2
16
Шпинат
3
0
2
23
Щавель
2
0
3
22
Спаржа
2
0
3
21
Арахис
26
45
10
552
Кедровый
23
60
20
674
Грецкий
16
60
11
656
Кешью
18
48
22
600
Фундук
15
61
10
651
Фисташки
20
50
7
556
Миндаль
19
58
14
645
Лещина
13
63
9
653
Мускатный
20
50
7
556
Подсолнечника
21
53
5
578
Кунжута
19
49
12
565
Мака
18
48
15
556
Бобы
6
0
8
58
Горох лущеный (сухой)
23
2
57
323
Горошек зеленый
5
0
8
55
Соя
35
17
27
395
Фасоль
22
2
54
309
Чечевица
24
1
53
310
Греченая крупа каша
13
2
65
324
Рисовая крупа
7
1
77
323
Пшено
12
3
69
334
Овсяная
12
6
65
345
Манная
11
1
73
326
Перловая
9
1
73
324
Кукурузная
8
1
75
325
Пшеничная
13
1
70
325
Толокно
13
6
64
363
Ячневая
10
1
65
313
Мед
1
0
80
308
Драже фруктовое
4
10
73
384
Зефир
1
0
78
299
Ирис
3
8
82
387
Мармелад
0
0
78
296
Карамель
0
0
78
296
Конфеты глазированные шоколадом
3
11
77
396
Пастила
1
0
80
305
Сахар
0
0
100
374
Халва тахинная
13
30
51
510
Халва подсолнечная
12
30
54
516
Шоколад темный
5
35
53
540
Шоколад молочный
7
36
52
547
Вафли с фруктовыми начинками
3
3
80
342
Вафли с жировыми начинками
3
30
65
530
Пирожное слоеное с кремом
5
39
46
544
Пирожное слоеное с яблоком
6
26
53
454
Пирожное бисквитное
5
9
84
344
Пряники
5
3
78
336
Торт бисквитный
5
20
50
386
Торт миндальный
7
36
47
524